b11=1;
b12=2;
b13=1;
b21=1;
b22=1;
b23=1;